19 8 25 0 0.0934891511862459 0.30129999756774595 0.6052108504077878 
51 28 29 1 0.28850416639613713 0.46778205683848717 0.24371377582248527 
14 1 38 1 0.01583236513015053 0.8802701399176095 0.10389749419944207 
31 30 3 1 0.1476853789724493 0.702727904726212 0.14958671539552562 
69 25 59 2 0.02982151654860817 0.62380122046197 0.3463772621237785 
3 17 4 1 0.11264922776180744 0.5387264382339184 0.3486243331553988 
3 12 14 0 0.26988034231874314 0.5992908085380475 0.13082884824255323 
44 19 10 2 4.32193352817136e-06 0.22727502945620665 0.7727206479501482 
34 20 10 1 0.3013368238256263 0.6381128681724163 0.06055030708687031 
47 3 46 0 0.14337702815096756 0.6412074385196683 0.21541553250945444 
30 36 31 1 0.2783924829480591 0.6484394607898009 0.07316805539256988 
12 4 6 1 0.0645007831202325 0.29718346776002724 0.6383157486232682 
26 12 3 0 0.03915258425240046 0.3362638210089584 0.6245835940523868 
32 12 34 1 0.08442358142956043 0.8161100069348586 0.09946641063883019 
56 63 5 1 0.13078463254803863 0.49100974122237784 0.37820562535266755 
57 63 68 2 0.13802352441903032 0.6203971002360026 0.2415793745903206 
17 2 14 1 0.09471098998529488 0.8223976537249158 0.08289135547200248 
8 17 4 2 0.00033792928471063646 0.6245649154172899 0.3750971544527548 
8 1 14 1 0.031037362087464715 0.7636204694182682 0.20534216766707147 
68 37 58 2 0.017651828717954617 0.19673841832869526 0.7856097521220182 
55 10 64 1 0.1707413153352415 0.7095551725082296 0.11970351123220595 
18 38 3 1 0.010476767207197788 0.4612993233856668 0.5282239086426644 
60 4 56 0 0.4582064449453044 0.4040020129220394 0.13779154115748654 
5 1 3 1 0.16608717800594397 0.7577008094449926 0.07621201174810298 
16 1 8 1 0.029456690658227758 0.8961371619966287 0.07440614646517635 
38 9 29 2 0.01368638300224092 0.7686207843597629 0.21769283167239178 
33 37 58 2 0.2907485579430005 0.34937903000749587 0.3598724111990568 
35 37 58 2 0.03398401358746099 0.26206746436285255 0.7039485212184506 
10 0 5 1 0.063814807602244 0.8567548869186441 0.07943030470378089 
2 1 8 1 0.06285771364770107 0.8579637214763713 0.07917856399518786 
11 31 6 1 0.014065403708996421 0.5882167171321449 0.3977178784373387 
21 4 37 2 0.08185302286798031 0.49251469667059744 0.4256322797377684 
30 12 34 1 0.36423409323729755 0.5784013120517408 0.05736459371362703 
11 12 14 1 0.12132372131898915 0.8620841367343204 0.016592141048656764 
17 8 15 1 0.03280573341393554 0.7702959900624304 0.196898275564939 
78 26 4 2 0.00931867175125865 0.2551973453729047 0.7354839820618968 
33 32 10 1 0.27158625661069086 0.4511335516163152 0.27728019086245637 
43 0 6 1 0.21049825861201057 0.5953278561940496 0.19417388420479834 
12 18 5 1 0.04769318338577457 0.6419587023360439 0.3103481135068476 
9 9 4 1 0.4644225913237062 0.49898741938242575 0.03658998832406475 
0 8 11 2 0.19833348164007955 0.491873736678197 0.30979278089532725 
18 8 40 1 0.05826230610468945 0.8725175862231555 0.0692201067222308 
2 0 7 1 0.06975590018570373 0.8379775500030712 0.09226654901155606 
0 25 29 2 0.004513850797616024 0.2003188265703089 0.7951673220274134 
62 29 22 2 0.0708593566050336 0.33009896348686046 0.5990416793575111 
32 36 37 1 6.278929041083238e-08 0.8533566210008532 0.1466433152975738 
75 4 6 2 0.13367216962822318 0.2619957849867247 0.604332044881124 
12 12 4 0 0.046629537193927345 0.39991525298876646 0.5534552091037246 
57 25 20 1 0.18769395395234736 0.52628177189738 0.2860242732453963 
11 7 66 1 0.06912490120502875 0.9058250628431846 0.025050035079264073 
2 0 1 1 0.07950826159822577 0.8026704180258633 0.11782131966765617 
51 9 5 0 0.43264395185581656 0.5436170066760975 0.023739040506789336 
13 18 7 2 0.06448659842147046 0.47072139838754007 0.46479200236408413 
17 8 18 1 0.11713001063729746 0.5352338997250843 0.34763608880364605 
6 8 38 1 0.15175692208446537 0.5932598900602576 0.25498318708602224 
11 6 37 1 0.007281964941086248 0.6220771781403691 0.37064085623077125 
34 29 58 2 0.06521849323931621 0.5935070661679948 0.3412744398367526 
12 0 3 0 0.16300404594161905 0.7625570694252691 0.07443888377870429 
6 38 3 0 0.1713942815750777 0.6522819365521387 0.17632378110782798 
7 1 9 1 0.2247947578272486 0.7146012403165697 0.060604000873991516 
5 8 15 1 0.022798149070295815 0.8195700312825354 0.15763181868882753 
20 18 7 1 0.11777525911381187 0.48052821901162723 0.40169652104733944 
17 7 67 1 0.06459181731744876 0.6246226230053014 0.310785558821385 
17 1 65 1 0.25936030516428904 0.6033460919996483 0.13729360190625228 
43 63 68 1 0.15317198704873436 0.5791440180232675 0.26768399416931593 
46 50 4 2 0.06346584637663055 0.6409009310702685 0.2956332216647201 
13 17 2 1 0.08263787593330792 0.6934171683156978 0.2239449549341907 
2 1 38 1 0.05464398925309145 0.8594243255088729 0.08593168448453967 
56 32 39 0 0.06742644513667861 0.8032874274042673 0.12928612676459786 
5 8 6 2 0.08357506947192682 0.18135106640814713 0.7350738635025869 
16 42 5 1 0.15406325313062502 0.4858084653603648 0.3601282806632682 
72 25 6 2 0.18066082551142668 0.27953957858985484 0.5397995950225098 
28 9 29 1 0.02708404852035994 0.7535214642941166 0.21939448621993662 
40 26 27 2 0.0022789299372756202 0.11006595416466321 0.8876551150678791 
14 7 67 1 0.007248136886282432 0.7332497163111544 0.25950214595046356 
8 6 65 1 0.29327418485736206 0.6712288182371896 0.035496995923624916 
44 25 20 2 0.028656894412609976 0.5105890089902733 0.46075409569349074 
48 2 29 2 0.062269841263012896 0.614425927289753 0.32330423055008084 
18 9 4 1 0.18691710213513985 0.7186322018751519 0.0944506950198197 
3 8 6 2 0.17277037908782966 0.1308829146126767 0.6963467056779821 
4 1 65 1 0.2676838562983147 0.6588435783626914 0.07347256440978894 
18 8 24 1 0.13773555780011093 0.678274114480827 0.1839903267695838 
54 63 68 2 0.017395077357545186 0.4602607701390482 0.5223441517524714 
21 1 15 1 0.0442432150875876 0.8833595285429832 0.07239725537547505 
12 12 3 1 0.12680603571463736 0.5980850762074653 0.2751088873932921 
34 29 59 2 0.11149950824258709 0.6051655800230525 0.28333491088061846 
59 19 22 1 0.0447946231167447 0.7245640717942208 0.2306413043727123 
17 1 11 1 0.2366745741622645 0.54308665010109 0.22023877484956 
84 4 56 1 0.030289484509989275 0.8816084278543179 0.08810208666548171 
44 0 6 2 0.04255898132282686 0.5792155582296362 0.3782254594587192 
68 63 5 2 0.02145709332996095 0.38425940316605545 0.594283502628119 
51 3 5 1 0.25246225956355384 0.5998069695193843 0.1477307701247345 
50 6 64 1 0.2294773098650592 0.7362645272050804 0.03425816194343253 
63 52 4 2 0.0045650545671151056 0.6488480395738913 0.3465869050463807 
0 41 5 1 0.038862460510831386 0.4987783636727861 0.4623591750267176 
19 18 7 2 0.06011353854652744 0.4065466319252191 0.5333398287022043 
50 9 2 2 0.18889458811396548 0.6449542043675935 0.16615120667413696 
28 12 29 1 0.003686737216787798 0.08819191787748375 0.9081213441938448 
14 2 4 1 0.09503034743078646 0.7339577211039443 0.17101193053834382 
84 52 62 2 0.029659267229442215 0.6396508267880845 0.33068990534985054 
26 4 37 2 0.0007885517376359896 0.36225672418926086 0.6369547233492684 
0 31 6 2 0.0017005343844130002 0.5432489999230373 0.45505046496796625 
25 2 37 2 0.05324886529678897 0.429638009538988 0.5171131243030307 
81 3 46 2 0.0803787107591184 0.6075021893174685 0.3121190991002193 
64 4 56 1 0.01964508560265873 0.7960737881344395 0.18428112529248633 
1 40 5 1 0.050701562291436984 0.8575623490374291 0.09173608783739122 
78 10 54 2 0.01611766990201072 0.5572227151475774 0.42665961431144295 
72 8 41 1 0.2123553241323734 0.20446810093513593 0.5831765742873168 
16 15 14 1 0.010161403146269107 0.9474479363113302 0.042390659758802456 
0 17 3 1 0.016381935861950896 0.5130416287457557 0.4705764344623585 
56 25 20 0 0.21398362903581566 0.5405962899585578 0.24542008010065827 
73 4 6 2 0.11338676037535282 0.22076950338749274 0.6658437357314776 
9 9 5 0 0.4277885023311179 0.5492266184403173 0.022984878267608082 
20 0 5 1 0.1754923876267583 0.6737327565368338 0.1507748550550907 
32 5 6 1 0.0021147010543283184 0.4122247832645329 0.5856605149103297 
7 0 2 1 0.0695909447161388 0.8471037624251084 0.08330529204382604 
16 8 6 2 0.019330072852751116 0.18875693493391418 0.7919129915996626 
19 42 5 0 0.16677390267424314 0.4989078894457267 0.3343182070316618 
60 29 31 2 0.6467625224112592 0.2255317603557461 0.12770571633580097 
25 1 12 2 0.03286045175190458 0.6624461977594305 0.3046933497567305 
3 7 67 1 0.09158218604238534 0.6438689617091318 0.2645488513919215 
1 3 48 1 0.025391878609237167 0.7178160560995129 0.25679206438395374 
16 8 40 2 0.1172885372007682 0.8521240060756876 0.03058745577433048 
22 2 37 2 0.21196566931603544 0.4465691086234501 0.3414652211952096 
4 12 3 2 0.1856392542077491 0.53510751602622 0.27925322908006106 
3 8 2 1 0.1291743269713833 0.7268292399058639 0.14399643225216213 
83 52 62 1 0.02446031717561531 0.8365484934803789 0.1389911887120923 
35 19 20 1 0.2638699142248023 0.6492849886608536 0.08684509617001548 
30 9 5 0 0.45104016073680686 0.49550664089176916 0.05345319740788631 
3 1 67 1 0.0980944058251604 0.5945119003460708 0.30739369298146485 
38 10 54 2 1.890651245214176e-40 0.12181902567749343 0.8781809736808258 
37 63 55 2 0.015478730189427787 0.6427866950599163 0.3417345738691359 
67 29 31 1 0.14518814939399954 0.1513744751063739 0.7034373746054149 
16 13 31 0 0.1824576269632786 0.7789846023939955 0.03855776967761108 
18 1 18 2 0.0014641486632161814 0.36899580453337666 0.6295400461504459 
57 25 29 2 0.09153435161458974 0.4068514731735504 0.5016141746025802 
11 43 5 1 0.02213587753342605 0.9157999440230526 0.06206417765523225 
15 0 4 1 0.15505628838805877 0.7687748603926322 0.07616885025587163 
24 3 45 0 0.0185593424386166 0.7886669181273416 0.19277373854418067 
20 1 8 1 0.1726457514824173 0.5930041085672711 0.23435013906702745 
5 0 5 1 0.13674889499675502 0.77761527049458 0.08563583373030584 
56 63 68 0 0.12963333007193392 0.6776523329699481 0.19271433619881803 
7 17 6 1 0.009131098311898796 0.6704205796834002 0.32044832113751875 
19 4 65 1 0.2638064241908697 0.6801803271234402 0.056013247688697976 
59 19 21 1 0.042420538366793256 0.69049186161991 0.26708759933284276 
8 15 14 1 0.0056522355414757594 0.9544516707647328 0.0398960929072437 
9 1 11 2 0.26133834753829915 0.6614576538808699 0.07720399769435952 
10 0 3 1 0.11345520903710443 0.8536168224034111 0.032927967705922594 
13 9 5 0 0.35701267336829273 0.6027476636289444 0.040239662041421514 
42 9 20 0 0.29576240075431515 0.5994670987013272 0.10477049985308423 
54 26 27 2 0.0017532285085997798 0.06843127051162487 0.9298155001491704 
14 0 3 1 0.12157931096800347 0.8227445103084599 0.055676177869780435 
19 12 4 2 0.07558690562728276 0.2062796549586389 0.7181334386984792 
7 2 43 1 0.07712775162806347 0.6898813583451902 0.23299088927852238 
14 1 65 1 0.18168680041299715 0.760042272651219 0.05827092600748145 
19 8 7 2 0.0776607429726785 0.42715395833913283 0.4951852978783696 
53 9 29 1 0.10339546455663969 0.6676021735656591 0.22900236091228335 
26 36 37 2 0.02912560068677575 0.8121598754585522 0.15871452294274546 
38 51 29 2 4.502890476210699e-18 0.19059680258634018 0.809403196653123 
26 36 7 2 0.033746209247276296 0.7859651027953012 0.18028868703518497 
37 32 5 1 0.009852969647196418 0.6103269094184782 0.37982012000769144 
12 8 38 2 0.06987635565620852 0.5686289100504882 0.3614947335251275 
32 36 31 1 0.004724052261929675 0.8703705984640107 0.12490534841080819 
26 2 34 2 0.14100104526234297 0.7731855706565128 0.08581338327443311 
2 38 4 1 0.0636100240661781 0.5197924384983608 0.41659753666201726 
84 29 53 1 0.21095312199210414 0.6121488754584502 0.17689800156831467 
7 6 37 2 0.007991121978714414 0.5423285235832151 0.4496803537493127 
60 29 56 2 0.45440911623713687 0.4134511313567563 0.1321397515557263 
57 10 34 1 0.4199813375644714 0.5554629184268179 0.024555743031017308 
17 0 3 1 0.20079758092084177 0.610532357283702 0.1886700609389172 
31 13 31 1 0.25271790560198304 0.7105073662116066 0.03677472722103572 
35 24 59 1 0.3617223366417349 0.6068325324720705 0.031445130071024806 
33 19 23 0 0.2733274241737292 0.6007228783687437 0.12594969658108904 
22 4 5 1 0.23353130838469074 0.46840694911681535 0.2980617416957336 
18 8 11 1 0.21431519660225065 0.4902948075033268 0.29538999510824593 
65 29 56 2 0.018741775159492335 0.4888377943053111 0.4924204296929148 
8 31 6 1 0.006286132035131831 0.599797458433531 0.39391640880811124 
75 41 5 2 0.1915667162020078 0.4982134442260197 0.3102198387800881 
51 4 5 1 0.17731813367023813 0.5247895221595792 0.29789234336909093 
50 30 31 2 0.06588608232474451 0.7397497067534097 0.19436421016637995 
69 51 68 2 0.010908263179676036 0.5367364929939025 0.45235524309412145 
12 6 65 1 0.3897140215519465 0.5883943057118812 0.02189167175450463 
5 12 14 1 0.20091343154890842 0.7548628080791163 0.044223759472793486 
18 0 4 1 0.047279556690158604 0.6075203594619089 0.34520008288463505 
34 25 29 2 0.05745584183081832 0.43114654087786497 0.5113976166849636 
13 1 18 1 0.08146086722927598 0.463707388591288 0.45483174352529265 
8 0 2 1 0.05822016696760143 0.8376734476725994 0.10410638454340543 
6 2 3 0 0.23436326910806615 0.7122579074808763 0.053378822479769536 
53 29 55 1 0.007101978799772377 0.42510019235606056 0.5677978279617293 
0 12 4 2 3.854543583382286e-06 0.18064237509625664 0.8193537696451965 
77 4 5 2 0.02665343462051157 0.6219105889586293 0.3514359756225116 
9 7 66 1 0.16922244605723047 0.8021470305579942 0.02863052251030484 
28 29 31 1 0.004058673474009025 0.14933276338216192 0.8466085622504828 
33 10 34 0 0.606869581687974 0.37646902472086424 0.0166613926096731 
29 12 29 0 0.7920138010597356 0.04332903446053231 0.16465716375745335 
58 32 5 2 0.0345832589662465 0.2804337475122971 0.6849829925924383 
9 41 6 1 0.21795589043823183 0.254851146942239 0.5271929620864012 
1 2 66 2 0.06136792245828231 0.7146715800889921 0.22396049673132662 
50 2 34 2 0.13193089701480676 0.720590351681405 0.14747875049825862 
28 1 30 1 0.007484221335951611 0.3048673649973907 0.6876484128555805 
32 2 29 0 0.0028515107190435194 0.3307771646292818 0.6663713237540453 
20 5 14 2 0.19221250531951017 0.6892289715938781 0.11855852226495445 
20 2 38 0 0.16299475540948485 0.620588858123138 0.21641638560489626 
16 9 2 2 0.17571170397667293 0.6636545346281277 0.16063376055520046 
45 1 13 1 0.2682553771881459 0.516895399162329 0.21484922273921675 
43 55 23 1 0.061684800444457004 0.8147710657769929 0.1235441328783114 
17 5 14 1 0.1614934873753557 0.6616461879411016 0.17686032386174053 
11 8 7 1 0.017747184454523803 0.68209347634304 0.3001593383953254 
47 13 31 1 0.16615167043604004 0.7656356822741897 0.06821264632451178 
9 15 14 0 0.05349650139901472 0.904983274175421 0.04152022363702789 
5 2 37 1 0.10606232070097892 0.47998682282119287 0.41395085561741046 
21 18 7 1 0.08415575587354127 0.5867675568323021 0.3290766864690732 
77 1 12 2 0.010505327039904904 0.8524091218426351 0.13708555038643974 
16 1 10 1 0.02071400013135682 0.7366474429233141 0.24263855622465236 
56 26 4 2 0.10265127016330039 0.3583023484178956 0.5390463806030343 
6 43 5 1 0.11424648552221929 0.8297828324211426 0.055970681265558035 
55 20 10 1 0.316509193514996 0.5570571645462539 0.12643364102073654 
44 10 35 1 0.04007612740470444 0.5958353205638953 0.3640885511357064 
57 10 54 1 0.14859073213482235 0.7032555568839953 0.14815371033905722 
16 2 4 1 0.10138651204618783 0.7550850132363796 0.14352847379035272 
22 3 67 1 0.13118657911646517 0.6906032400266658 0.17821017988958004 
34 32 6 1 0.06004913772925411 0.3897969374559793 0.5501539239577226 
57 55 23 1 0.043900859229010394 0.8362699121637317 0.11982922770716167 
32 12 4 1 3.408810430421768e-06 0.08312787834505914 0.9168687121286342 
75 42 5 1 0.23340898628869938 0.4725715850628236 0.2940194277991825 
5 1 15 1 0.053132727464067324 0.8839833585917163 0.06288391295005434 
25 2 29 1 0.06918596598382673 0.590476723645166 0.34033730947380864 
3 1 12 1 0.22947986269387097 0.5344870038701014 0.23603313270071988 
10 18 5 2 0.007329310671474735 0.7083273361118445 0.28434335244652925 
6 2 66 2 0.1152169656715516 0.720082335286607 0.1647006983157365 
16 3 45 1 0.012913155415104113 0.8991256251314284 0.08796121856361676 
4 0 6 1 0.154443764110065 0.6874989740070268 0.15805726089406388 
28 50 31 2 0.0029350081944403195 0.6716058331755441 0.32545915785042534 
47 3 47 1 0.12706295775568266 0.8251889556589866 0.04774808561837441 
12 26 4 2 0.027022589246262083 0.37872886830928243 0.5942485416307657 
32 9 13 1 0.4301246090761282 0.5404543661965352 0.02942102418948785 
34 19 23 2 0.02904668706417535 0.8035602722857986 0.16739303977908354 
8 1 9 0 0.18313129239155695 0.7312307538810662 0.08563795274518925 
7 1 15 1 0.0063621109125150095 0.900925535855062 0.09271235223854556 
19 1 38 2 0.08909660525988825 0.4859973005726616 0.4249060934122784 
27 50 4 1 0.018184087858634988 0.6236422511621525 0.3581736600908524 
36 24 59 1 0.24542325273962146 0.7176691331200863 0.03690761332540975 
35 63 55 2 0.0669989659902809 0.6451932297177579 0.2878078034097278 
56 51 29 1 0.11423875686918947 0.6032045335845942 0.2825567087830213 
0 9 20 1 0.2922183457075689 0.5862818998273421 0.12149975377560769 
7 12 4 2 0.00684281502624491 0.39710685283376035 0.5960503314267879 
21 9 4 2 0.454463401799065 0.5055523714279405 0.03998422580317639 
27 12 4 2 3.6858853658120305e-06 0.2463965677346025 0.7535997456656541 
3 43 5 1 0.16649949572698602 0.6947418401608931 0.1387586633187401 
1 12 4 1 0.009773560236030331 0.38343898788079883 0.6067874511701216 
33 9 20 0 0.6182260562803219 0.33985340621834326 0.041920536747129714 
62 19 4 2 0.0661533622736724 0.28656128985301244 0.647285347088097 
27 9 2 1 0.1997444073600973 0.6855501631714659 0.1147054286247758 
23 11 3 0 0.8643296290559503 0.10717060032279686 0.028499769837358226 
18 5 6 2 0.008020098215516495 0.48527994714368966 0.506699953871054 
24 1 8 2 0.035823271555422115 0.8451415883089894 0.11903513925569967 
13 8 18 1 0.07037595701259368 0.6166466781535054 0.3129773640005967 
17 8 25 0 0.15368356244251136 0.34766368649903123 0.4986527502201712 
75 27 6 2 0.1976453196009675 0.36259545861870435 0.4397592211055029 
0 26 27 2 0.0032563236134267102 0.1514159186363083 0.8453277569203297 
56 51 68 0 0.0684795554781528 0.5568356780695514 0.3746847657148488 
18 9 5 0 0.20420750243764965 0.7263671035861937 0.06942539301536711 
34 32 5 0 0.05394174932991348 0.5687463844461742 0.3773118652964306 
11 0 4 1 0.08870756563431212 0.8590771741544004 0.05221525924901632 
10 12 3 1 0.0732011074437792 0.7182027641233807 0.20859612774934697 
1 2 38 2 0.05861414056218353 0.6878861934872271 0.2534996650915339 
60 29 22 0 0.8118417698721017 0.15769376286678574 0.03046446668900019 
13 17 4 1 0.04725079218798041 0.5791236892912286 0.3736255176741913 
70 55 23 1 0.02815769061851097 0.7179509827293077 0.2538913257523566 
54 51 29 2 4.502890476210696e-18 0.19064268827136746 0.8093573109680935 
19 1 8 1 0.10439820034342048 0.46613967342447893 0.4294621253492416 
32 9 4 1 0.1088121731021598 0.7844470457982735 0.10674078012952885 
28 1 3 2 0.050325986503255135 0.2579229191528448 0.691751093542321 
48 30 6 1 0.061232515376576105 0.7415229943684442 0.19724448940058228 
43 3 47 1 0.1935971831987886 0.7405830669965912 0.06581974883677387 
66 29 6 1 0.0036062662634356903 0.45132331228404504 0.5450704205607091 
42 33 10 1 0.07794080255193023 0.6923579167109009 0.229701279833729 
45 1 11 1 0.21354211936283382 0.4351437333598247 0.3513141463900554 
35 29 54 1 0.07528712106799623 0.8784875965755894 0.046225281691593394 
5 2 66 1 0.10098037601540702 0.7314339644001228 0.16758565885967291 
77 3 45 0 0.012220701434759644 0.8498571928812182 0.1379221047941979 
5 40 3 1 0.1503985563064121 0.8032270944728208 0.046374348280358024 
32 9 2 1 0.21546628841093535 0.6844500101044652 0.10008370063734852 
40 1 10 2 0.01626403365408561 0.1629298163882014 0.8208061492337044 
83 29 57 2 0.03943691419616195 0.47553444574617904 0.4850286391477262 
55 29 59 1 0.27435364016132024 0.32365013282811245 0.4019962261554929 
11 9 5 1 0.34173418597731786 0.6321215287423171 0.026144284320423497 
1 1 3 1 0.07317000782994978 0.7246737803111825 0.20215621105868103 
3 9 4 1 0.4099278241972118 0.5461725632943781 0.04389961153826651 
37 61 4 2 0.37751808606931636 0.4603026543453747 0.16217925864144392 
32 30 3 1 0.001294897056927884 0.49695762531418486 0.5017474767231676 
73 8 25 2 0.14417850472527205 0.0792955693144559 0.7765259251208054 
5 5 6 1 0.1105049341069543 0.5589576384543441 0.33053742666900654 
51 1 13 1 0.4126278458145146 0.5512457071063764 0.036126446169123874 
35 10 35 1 0.2627027989026029 0.6400595607878993 0.09723763941508086 
9 0 6 2 0.1822226786945544 0.717715294278216 0.1000620260383091 
25 50 4 2 0.0340521590579544 0.6155059713835623 0.3504418686705128 
41 32 6 2 0.001560372666452769 0.19749680736092606 0.8009428191150278 
19 41 5 0 0.12811091439897068 0.5143042832014896 0.3575848016089716 
75 25 29 2 0.12010182964264897 0.20759675215449638 0.6723014175928724 
55 10 35 2 0.22318430135300515 0.5448080448828824 0.23200765286708205 
36 28 29 0 0.08603733642421084 0.5618100274975084 0.35215263513663886 
18 7 66 1 0.028613420314296163 0.7642631312434188 0.20712344756637044 
72 41 6 1 0.21540362845565256 0.2562961348954822 0.5283002361111165 
22 9 4 0 0.4692634164894366 0.4926602342162661 0.038076348324193036 
58 55 23 1 0.015664408674526863 0.7240153705106565 0.26032021991530524 
35 32 5 2 0.05458511282524732 0.5987940983890956 0.3466207878584026 
31 1 9 0 0.367914534714052 0.5947752709768476 0.037310193326501984 
39 0 6 2 0.029123007188142456 0.524657748439855 0.44621924338309876 
12 41 5 2 0.11351264865279996 0.6228083936764381 0.2636789568820076 
9 17 4 2 0.06925524753775526 0.6699045822678712 0.2608401693478271 
50 1 13 1 0.2953028494240548 0.6380905694077063 0.06660658025896138 
5 18 5 1 0.08016603828593756 0.6319033561147739 0.28793060482691535 
26 5 6 1 0.008555399850630007 0.4690028986204705 0.5224417007588533 
84 19 21 2 0.021654294547231445 0.7057102338675015 0.2726354709044375 
70 32 6 1 0.053816727632857136 0.20562647209554616 0.7405567994127598 
0 1 10 1 0.015636395427752595 0.2602581796751009 0.7241054241735436 
19 0 6 1 0.12350001083668444 0.6094570457129361 0.2670429424613535 
13 4 65 2 0.30166641404183797 0.6550180213556639 0.04331556360552323 
5 3 67 1 0.06964297785394921 0.8056181678641124 0.12473885331501317 
13 3 67 1 0.06391219351124341 0.7065688295976627 0.229518975924079 
22 5 67 1 0.13027997940751018 0.6807706995265727 0.188949320209281 
58 29 54 2 0.06431666862682255 0.1578980876155057 0.7777852430899573 
19 26 27 2 0.05476851982764481 0.18081587930304982 0.7644156000390163 
79 3 48 1 0.29974453118613525 0.36924463486810055 0.3310108330358832 
18 0 2 1 0.05255857037375429 0.8014066840032659 0.1460347448041351 
16 17 2 2 0.04608356606555056 0.7946964921593573 0.15921994096377043 
11 1 8 1 0.026451912935351464 0.9400695454837465 0.03347854070114082 
32 1 9 1 0.05877001437138511 0.766262133892245 0.17496785075385513 
1 43 5 1 0.027803165397761235 0.8341086300018736 0.13808820381100118 
22 8 15 2 0.060433683639508504 0.7791768834788866 0.16038943192253002 
75 1 25 2 0.14530412259638317 0.20740714747817565 0.6472887292027387 
5 2 4 1 0.14230351107125125 0.68839066696584 0.16930582103432762 
4 5 14 1 0.14860126836498955 0.731496908714164 0.11990182210153585 
11 0 2 1 0.0694361242305465 0.876255051259433 0.05430882369628216 
13 9 4 0 0.35922425327876945 0.5785691259116752 0.062206619839689635 
21 0 4 1 0.16274307626335888 0.7582964407345985 0.07896048203821097 
8 40 3 1 0.0711836546956312 0.8178906823352349 0.11092566202908508 
0 15 14 1 0.003273898920149044 0.9434195204661022 0.05330657982159819 
72 8 11 2 0.36837014883996566 0.4031487735172823 0.22848107685295937 
9 5 6 1 0.1359107570322319 0.5730053518699423 0.29108389032741244 
83 29 52 1 0.00407409592487273 0.8990000989133786 0.0969258044490233 
43 29 16 2 0.12516990197418904 0.3196070240732086 0.5552230732754971 
35 0 6 1 0.13737518176221702 0.7834535290970108 0.07917128815190423 
3 17 3 0 0.15437277831532414 0.5973828056125988 0.2482444151414885 
56 20 10 0 0.36729770772850273 0.6007804795684463 0.031921811786601174 
10 3 5 1 0.09301154485537366 0.7485535000804237 0.1584349542744801 
68 0 6 1 0.09026943552735943 0.667564886385694 0.24216567709815742 
78 9 29 2 0.147229085908879 0.6086033187843889 0.24416759434147908 
74 25 5 2 0.010052712364807991 0.305347513574509 0.6845997732081467 
27 12 34 0 0.1926194254319251 0.7472473632219077 0.060133210349486405 
21 1 18 1 0.10553049544206106 0.5938389988694504 0.30063050503669825 
25 2 34 1 0.1397850453227587 0.7233792605386345 0.1368356933345335 
15 17 3 1 0.09219809642509691 0.7472778102082084 0.16052409243692145 
75 26 27 2 0.10018905182047005 0.15137773528896814 0.748433212058298 
12 18 7 1 0.03749133922390694 0.6015876758902327 0.3609209840608766 
37 51 29 1 0.0023648785476756166 0.6663699261924456 0.3312651945010144 
0 2 43 1 0.043308988223981965 0.5659057504484878 0.3907852605752318 
36 51 68 1 0.006782154730769822 0.4728360990917503 0.5203817454438922 
1 40 4 1 0.0722530634365267 0.8473485021486714 0.0803984334333758 
38 63 68 2 0.017394714514928737 0.4603054028963426 0.5222998818377955 
21 2 66 1 0.10347888995084484 0.743229581808365 0.15329152751501765 
18 25 6 2 0.014223912545182068 0.2634679942088136 0.7223080923709039 
80 3 48 1 0.013223681904516154 0.879887120422366 0.10688919676593436 
4 4 66 1 0.15742877421090154 0.7200376124209861 0.12253361241490726 
46 1 11 1 0.20462643129607042 0.7223843549264949 0.07298921289143195 
7 8 7 2 0.014921044216070704 0.6149779291056782 0.3701010258704574 
4 7 66 1 0.13904595665314842 0.7964813795423409 0.06447266292994733 
6 5 14 1 0.17091107931405575 0.7783671765107322 0.05072174335574558 
66 52 4 2 0.003090753659107688 0.36316517349859095 0.6337440720285894 
83 28 29 1 0.13267561212031298 0.5531558549796116 0.3141685319589118 
6 4 65 1 0.37798882329140526 0.613176437539183 0.008834738172419825 
41 28 29 1 0.007106099973772408 0.5882271428392571 0.40466675624462706 
33 9 29 0 0.7665797452221308 0.1920039132241009 0.04141634058484989 
16 6 37 1 0.008014886864038893 0.6164152429408464 0.37556986950685367 
37 55 23 1 2.1172644174041908e-05 0.9087138267630706 0.09126499969394858 
57 26 27 2 0.0730564280403811 0.30156713067442126 0.6253764404532679 
19 8 39 2 0.02572077750474642 0.43493751539727865 0.5393417061990591 
22 6 65 0 0.5062631848868422 0.4706632316941529 0.02307358243611823 
46 3 46 2 0.23440949012876558 0.585064293711126 0.1805262153384841 
5 12 5 1 0.10856367001169763 0.6687691383379016 0.2226671908508746 
19 17 2 1 0.0577604742867911 0.6758514549043474 0.26638806998985026 
46 41 5 1 0.13240509242795895 0.6197299363747532 0.24786497040873964 
27 9 29 1 0.10512934189625531 0.6622145560289687 0.23265610110935772 
0 8 41 1 0.06757664684603035 0.21263967285873947 0.7197836796536035 
32 2 37 1 0.00208062841426456 0.3786115103261957 0.6193078603969405 
75 8 6 2 0.10315255061870085 0.10241244208407518 0.7944350066781835 
1 5 67 2 0.015860545869510478 0.7564308081308865 0.22770864514865932 
53 25 59 1 0.02845123446558502 0.31269973461721434 0.6588490300505073 
59 53 60 1 0.29218375559453175 0.701888265462023 0.00592797814753814 
8 9 4 0 0.29487653352280135 0.6375298149030302 0.06759365060451829 
77 41 5 1 0.07624852977579688 0.6446494323994764 0.2791020370369789 
16 1 3 1 0.0758517822570034 0.8509570010724606 0.07319121587084158 
14 17 2 2 0.041960655969625664 0.7809270156478287 0.17711232757054107 
0 7 65 1 0.079074756414373 0.7917616210112712 0.12916362167146928 
25 30 13 1 0.14074995814756625 0.6999230877887194 0.15932695308970327 
55 29 58 1 0.17470441318193997 0.3968974353798042 0.4283981506799482 
56 19 10 2 0.12117042432242062 0.7634480425835238 0.11538153243404507 
8 38 4 2 0.012903612575541592 0.42770663615662696 0.5593897504939729 
58 20 10 1 0.14724703658888177 0.5905900153667623 0.2621629471271526 
51 30 6 1 0.22113702057141366 0.6372581089601037 0.1416048696127963 
47 5 6 1 0.01892205012831819 0.5996327596165243 0.3814451894869385 
60 19 22 2 0.9999991179233575 4.894697035482954e-07 3.918825540026495e-07 
34 9 20 1 0.28154814192414196 0.5076351678597291 0.2108166895266249 
43 19 20 1 0.29504579903830846 0.5291253892131308 0.1758288108034696 
10 43 4 2 0.02047864770665877 0.8326894532860564 0.14683189811008027 
56 28 29 0 0.28289595799174944 0.4592840600773003 0.25781998098761594 
51 9 13 0 0.559898169958827 0.29530905022802484 0.14479277927095313 
0 6 37 2 0.0014062771042686398 0.4404533597481467 0.5581403624564771 
44 51 29 2 0.0009527304428898556 0.3094358023082961 0.689611466488671 
53 51 68 2 0.004370558053882036 0.4254931382396807 0.5701363029719079 
67 29 56 1 0.09705251681533067 0.2366112332713513 0.666336249068784 
31 36 37 1 0.20313577699571336 0.6619202227041532 0.13494399938878243 
3 8 7 2 0.19340143298963208 0.44793964200419434 0.35865892419483686 
30 30 31 1 0.2805444491462571 0.5467689285159836 0.17268662156819783 
12 1 15 1 0.03113617869514725 0.8547131187077638 0.1141507016032083 
18 6 65 1 0.20225862828891958 0.7434169241035833 0.054324446625501704 
76 8 41 2 0.1545440562544282 0.329371503249632 0.5160844398563708 
64 29 21 2 0.0036555737433152506 0.596073926417902 0.400270499083905 
9 12 5 2 0.13748093927151656 0.6657096975781913 0.19680936235022337 
1 5 66 1 0.09213180228752915 0.8298347567790925 0.07803344009634802 
40 32 5 1 0.001226477747567005 0.3207554014285526 0.6780181198954303 
21 0 6 1 0.16951967801269255 0.7200697956621959 0.11041052533612156 
61 28 29 1 0.3933991757474616 0.4150279532946471 0.1915728700135974 
12 5 67 1 0.03837788339651538 0.7664696997178729 0.19515241603429864 
62 19 22 0 0.08642363313603317 0.4106583115520651 0.5029180545947243 
50 1 30 2 0.056593553927924624 0.758556664285192 0.1848497809783073 
5 4 37 2 0.07267069798144159 0.44915562997582004 0.47817367131952704 
7 2 14 1 0.04710654558548073 0.8741710243637212 0.0787224292414677 
2 2 43 1 0.10859772558945793 0.6645034881772713 0.2268987854873259 
43 9 29 1 0.32892781161696727 0.500275869033274 0.17079631838391823 
17 15 14 1 0.054623763181746755 0.8957814104254943 0.049594825597273476 
37 1 3 1 0.06778446429252824 0.8345416772939998 0.09767385761389603 
44 1 10 2 0.015847289343630028 0.21473156681249808 0.7694211431195954 
67 53 60 1 0.4770706290734812 0.5040606267235594 0.018868743397503954 
15 2 38 0 0.11811403744635372 0.7093036191021954 0.1725823425908037 
9 2 3 0 0.23054746094376327 0.7138969150274095 0.055555623097692027 
26 12 4 1 3.728291268601223e-06 0.1982178996800184 0.8017783713137494 
11 3 66 1 0.16980199002332014 0.791123204084702 0.03907480499273512 
55 9 20 0 0.3962477209959959 0.4886327719864627 0.1151195063085339 
29 4 6 1 0.7233246194029511 0.08016452154133963 0.19651085852661748 
11 8 25 1 0.027204369748486237 0.6909190886075058 0.2818765408091003 
27 29 31 1 4.065759678544866e-12 0.39150259702859225 0.6084974020744641 
41 29 59 2 0.010999444096755998 0.13771604640748636 0.8512845086411022 
14 0 6 0 0.09619036437015786 0.7872760404093504 0.11653359423190175 
34 29 23 2 0.05023566460927055 0.7868629016483895 0.16290143281744363 
59 29 57 1 0.07334995312465138 0.42374396945574855 0.5029060765092019 
61 29 53 1 0.5127531043439209 0.3728546807671454 0.11439221390549459 
4 2 3 1 0.2048560616175596 0.6954476101994035 0.09969632725198022 
21 3 67 0 0.06926896954310852 0.8047678800801464 0.1259631494098884 
70 63 68 2 0.08648783963809345 0.4802186369251927 0.4332935226825742 
30 3 48 2 0.20641815987930875 0.1652291064324677 0.6283527327793061 
11 9 20 1 0.18541626440861209 0.5378649309178756 0.27671880399487137 
20 9 4 1 0.4310567689564611 0.5274496301219632 0.041493599951628185 
22 0 4 0 0.24449714196731137 0.6184521154439191 0.1370507416237314 
26 30 13 1 0.052211158509350555 0.7271614981447144 0.22062734237171844 
35 29 23 1 0.042086734850068475 0.9131596850071172 0.04475357921790818 
0 0 5 1 0.03712879279360149 0.5818170868290046 0.38105411959851526 
12 15 14 1 0.018968085727955178 0.9431744347783549 0.0378574787073743 
25 12 34 1 0.25057747740749436 0.7230774423230879 0.026345079272700488 
7 0 6 2 0.09150238556726588 0.7382616221093545 0.17023599133476658 
30 28 29 0 0.3658189194835118 0.41229079187232914 0.22189028769898314 
44 63 68 2 0.01902254942043138 0.5394314028938919 0.4415460469345934 
2 18 7 1 0.03521855389185714 0.6537186699488606 0.311062775334682 
36 25 29 2 0.002994695720134545 0.34803683528493823 0.6489684683909401 
30 2 37 2 0.25986604774280886 0.3383563718113245 0.401777579575423 
51 13 31 1 0.2847139881460608 0.6778596769098277 0.03742633397847254 
63 19 4 1 1.3036920359882007e-07 0.7220774472875597 0.27792242156041475 
15 1 8 1 0.11698055708653163 0.7961745677146497 0.08684487431785551 
31 5 6 1 0.14181516909616573 0.549078480589104 0.30910634954418464 
12 43 4 0 0.059458349176787786 0.7818722215814113 0.15866942834406506 
6 18 5 1 0.10754679724196439 0.6388488439323439 0.253604358052837 
51 1 3 0 0.2483768630832389 0.6763515997531383 0.07527153636181833 
24 8 39 2 0.0017602655995913568 0.8170711586687197 0.1811685748344741 
82 3 47 1 0.14907910312432363 0.825377018887899 0.025543877021015963 
5 26 4 2 0.05898918839716504 0.3913760605776651 0.5496347502108491 
14 9 4 0 0.35406234021538513 0.5970830253415735 0.04885463347344391 
11 17 4 1 0.0019487631692231512 0.7409040078280207 0.2571472281584861 
17 5 67 1 0.07778006848887974 0.6618087493199343 0.26041118133631297 
2 9 4 1 0.4081703389619575 0.5472695974388068 0.04456006262960293 
75 8 39 2 0.039718842802168766 0.33225726089700874 0.6280238954014955 
70 9 20 1 0.35476570625958503 0.5758050871191585 0.06942920591825844 
78 10 34 1 0.2813235196135088 0.661357862030286 0.0573186173787619 
28 2 29 0 0.008902799928331064 0.3090238148999712 0.6820733842740805 
1 5 14 1 0.0767969003185819 0.8142600633446576 0.10894303551950454 
4 1 12 1 0.11052571451688838 0.6824012416461482 0.20707304310414043 
70 29 6 2 0.1116225555036703 0.2409246218504935 0.6474528217528867 
72 42 5 1 0.2424228281511032 0.44204554760576653 0.31553162339358626 
19 17 6 1 0.0501288099677973 0.5710825166834425 0.37878867247974424 
16 1 15 1 0.00806085422277808 0.9136678397325271 0.07827130505078359 
4 40 4 1 0.11656826955197448 0.7966024922857334 0.0868292371806538 
11 18 7 2 0.007242374829411553 0.7011478010575366 0.29160982328937674 
6 1 14 1 0.1722761665230267 0.802638051669945 0.025085780978912658 
37 3 47 1 0.143876105186628 0.8119474032812903 0.04417649056532699 
16 9 20 1 0.19810124676118307 0.5366181436903963 0.26528060886878824 
15 38 3 0 0.13288681179683887 0.6713971802804533 0.19571600715824466 
39 19 23 1 5.586671182909457e-70 0.016804495346295648 0.9831955037829423 
64 28 29 2 0.07558765939792844 0.561954628395309 0.362457711265232 
8 1 3 2 0.058830865609463455 0.6355325669515894 0.305636566638821 
29 31 6 0 0.6779394533414833 0.19432479262328917 0.12773575329389442 
2 1 3 1 0.11077285846799548 0.8072117964006735 0.08201534433120994 
25 31 6 2 0.032914108525876805 0.5383758879561333 0.4287100027942768 
48 30 3 1 0.052720634522348056 0.6910319857036396 0.25624737886890697 
14 40 5 1 0.051984590565842335 0.8702278621077473 0.07778754649422608 
67 26 4 2 0.09057834882871912 0.0339710634996735 0.87545058685297 
16 12 14 0 0.12259393272163027 0.8446272221202193 0.03277884426001642 
19 8 38 2 0.08462459362121044 0.37553710126024326 0.5398383043484941 
37 19 20 1 0.1831910874023307 0.6953543976911009 0.12145451396225074 
65 19 4 2 0.02760521344537483 0.45120168148028406 0.5211931042900609 
59 4 56 1 0.0450413853048836 0.8224870262100731 0.13247158751504326 
3 12 4 1 0.2012029601050613 0.26099801980613613 0.5377990193709181 
11 8 40 1 0.11662147034962034 0.8506692876343279 0.03270924106700364 
2 4 37 0 0.03994241993206871 0.4824506700167471 0.47760690932876404 
39 32 39 2 3.531507688451106e-55 0.38882229549632413 0.6111777038139157 
65 52 4 2 0.02900145230288058 0.4210959584264077 0.5499025884564162 
65 29 53 1 0.2067485015125817 0.6363949628179031 0.15685653468818314 
33 10 35 1 0.5170023102781429 0.38131444335047665 0.10168324546895086 
29 12 4 0 0.7194297487542503 0.03528531991529329 0.24528493060048087 
22 7 66 1 0.25618006530952486 0.6817577031422519 0.062062230670626634 
16 8 2 1 0.0809929097198324 0.8766291583894824 0.04237793102562231 
78 24 59 1 0.2438258122689298 0.7192746110727531 0.036899575842114445 
15 5 67 2 0.05930509738077176 0.7614161909806653 0.1792787107863425 
55 37 58 0 0.10942129118042057 0.22979295196104718 0.6607857560212159 
18 1 12 1 4.121534077982246e-06 0.4062124686346987 0.5937834090986995 
11 6 65 1 0.37243592802160935 0.6069809875839987 0.020583083412710663 
12 31 6 1 0.05037329631536071 0.5776405819082678 0.3719861210532303 
19 40 4 1 0.0852842698800034 0.8049036483001991 0.10981208083797658 
47 4 6 2 0.017334391696759537 0.28471306195622065 0.6979525458521506 
70 33 10 1 0.09796417930052141 0.6734161064821224 0.22861971331220232 
59 4 6 2 0.05083281778477963 0.2660078556929529 0.6831593260254775 
21 18 5 2 0.08972308609097687 0.6395749385949642 0.2707019745424578 
40 19 10 1 4.076486514016973e-05 0.16744594172779467 0.8325132927465403 
64 29 52 1 0.0036556400078093724 0.622715957978458 0.37362840129980135 
63 29 53 1 0.27826905792552625 0.48361855655344294 0.238112384540064 
83 29 55 1 0.002663885854808214 0.9236185179581657 0.07371759530543562 
9 3 66 1 0.2555654526964954 0.7050386153032233 0.039395931099609476 
2 2 14 1 0.05335497003700373 0.8846580666674714 0.06198696248480934 
16 8 7 2 0.02001955514369721 0.6615237771024386 0.31845666694666674 
0 1 18 2 0.0018135492181606165 0.33114411778685787 0.6670423323418442 
17 41 5 0 0.18515860366278253 0.5009439960764553 0.31389739946962186 
54 63 5 2 1.1894762110159372e-07 0.14652207257192376 0.8534778076032513 
1 18 5 2 0.01780817928348832 0.6257939520365631 0.3563978679091502 
69 10 54 1 0.00044829151417353895 0.9995460766044724 5.631244914360391e-06 
73 25 6 1 0.13941650610144438 0.13334343832805007 0.7272400546938793 
4 2 66 1 0.11107205574070386 0.7545839153310023 0.1343440282010708 
7 8 15 2 0.0007074743110636617 0.8309646835017649 0.16832784122927263 
0 4 5 2 0.009690649872712426 0.4270308108497946 0.563278538477508 
29 2 4 1 0.49887622015656574 0.341103910273394 0.16001986863168532 
3 4 66 1 0.2294610178008647 0.6272985272849492 0.14324045396054014 
0 17 6 1 0.00126002456241919 0.5153220979531217 0.4834178766162269 
48 31 6 1 0.028745105320591016 0.5352666481358789 0.43598824582013757 
3 7 66 0 0.22847817866793202 0.6918713810309141 0.07965043942372814 
3 12 5 0 0.21595322416781315 0.48381143998213727 0.300235335047883 
1 4 65 0 0.27234607141057066 0.6967999580216727 0.03085396957083259 
15 4 66 2 0.17226177788695435 0.7129678727962461 0.11477034836374557 
